1
9
4
16
25
36
49
64
81
100
121
144
196
225
169
324
256
289
361
400
441
529
484
576
625
676
729
784
841
900
961
1024
1089
1156
1225
1444
1296
1600
1369
1521
1681
1764
1849
1936
2116
2025
2304
2209
2401
2500
2704
2916
2601
3025
2809
3136
3249
3364
4225
3969
3600
3844
3481
4356
5041
4489
4624
3721
5776
5625
5184
5329
4761
5476
4096
7921
6084
6724
6889
6400
6241
6561
7056
7744
7396
8836
9409
9216
9025
7225
8100
8281
8464
4900
9604
5929
10609
9801
8649
7569
10000
10404
10201
10816
11025
11236
11664
11449
11881
12100
12321
12544
13225
12769
12996
13689
13924
14400
13456
15625
15129
15376
14884
19321
14161
123904
123201
122500
121801
121104
120409
119716
119025
125316
118336
117649
116964
116281
115600
114921
127449
114244
128164
113569
128881
112896
112225
129600
111556
110889
110224
109561
108900
108241
107584
106929
106276
105625
104976
104329
103684
133225
103041
102400
101761
101124
131044
100489
99856
99225
98596
97969
97344
133956
96721
96100
93025
95481
93636
94249
94864
92416
91204
91809
90601
90000
89401
88804
88209
87616
87025
86436
85849
79524
84681
84100
78400
82944
82369
81796
73441
139129
81225
85264
80089
78961
75625
143641
83521
77841
76176
73984
145161
80656
69696
77284
75076
74529
72900
141376
71824
76729
71289
148225
72361
67600
70225
69169
68644
68121
70756
67081
66564
66049
65536
65025
148996
63504
146689
64516
64009
59049
62500
62001
61504
61009
57121
60025
59536
151321
63001
57600
60516
152100
55696
58564
55225
58081
56644
56169
54756
53824
54289
52900
53361
52441
51076
51984
51529
50625
49729
50176
48400
49284
48841
47961
47524
47089
46656
46225
45796
142884
45369
44944
44521
44100
43681
43264
42849
42436
42025
41616
41209
40804
40401
40000
39601
166464
39204
38809
38416
38025
37636
37249
36864
36481
36100
35721
160000
35344
34969
162409
34596
34225
33856
33489
33124
32761
32400
32041
31684
31329
30976
164836
30625
30276
29929
29584
29241
28900
28561
28224
27889
27556
27225
26896
26569
26244
25921
25600
25281
24964
24649
24336
170569
24025
23716
23409
15876
22801
22500
22201
21904
21609
21316
21025
17956
20736
20449
172225
20164
23104
19600
14641
19044
173889
18769
18496
18225
17424
17161
16384
16129
17689
19881
16641
16900
178929
178084
176400
155236
173056
193600
159201
157609
168100
168921
184041
182329
165649
163216
160801
184900
177241
164025
175561
161604
171396
208849
149769
158404
156816
188356
156025
154449
153664
190969
152881
150544
147456
145924
142129
144400
139876
140625
138384
136900
134689
137641
136161
135424
130321
132496
131769
126736
126025
124609
196249
194481
192721
191844
169744
187489
186624
185761
183184
167281
179776
197136
195364
198025
199809
219961
198916
200704
201601
202500
203401
180625
204304
205209
206116
207025
207936
210681
211600
212521
189225
213444
190096
214369
215296
234256
174724
218089
221841
219024
220900
223729
222784
181476
224676
225625
226576
227529
245025
229441
230400
233289
231361
235225
216225
236196
237169
238144
239121
240100
242064
243049
244036
259081
228484
209764
246016
247009
264196
248004
232324
266256
249001
217156
250000
251001
252004
253009
254016
255025
256036
276676
257049
258064
260100
262144
261121
263169
265225
267289
268324
269361
270400
271441
272484
273529
274576
241081
278784
281961
279841
280900
284089
283024
300304
285156
288369
286225
303601
289444
290521
291600
320356
292681
293764
275625
294849
297025
298116
299209
302500
304704
305809
306916
308025
287296
310249
312481
311364
316969
318096
314721
315844
319225
322624
343396
277729
295936
324900
301401
326041
327184
328329
313600
309136
334084
330625
337561
336400
335241
338724
339889
357604
342225
341056
323761
344569
345744
346921
348100
329476
331776
332929
349281
350464
351649
354025
321489
358801
370881
360000
362404
363609
364816
366025
367236
352836
355216
368449
356409
369664
361201
372100
373321
385641
375769
376996
378225
380689
381924
383161
374544
386884
388129
389376
390625
379456
391876
393129
394384
384400
395641
396900
398161
399424
400689
401956
403225
404496
405769
407044
408321
409600
410881
412164
417316
413449
416025
421201
418609
419904
414736
422500
423801
425104
431649
427716
429025
430336
426409
432964
434281
442225
436921
438244
439569
435600
450241
443556
444889
440896
454276
447561
451584
461041
448900
455625
456976
459684
458329
452929
463761
462400
465124
474721
467856
446224
469225
470596
471969
473344
466489
476100
477481
478864
480249
481636
484416
483025
494209
491401
492804
485809
487204
495616
490000
488601
501264
497025
498436
499849
505521
502681
504100
506944
508369
509796
511225
512656
514089
515524
518400
516961
519841
521284
525625
527076
522729
524176
528529
531441
532900
529984
534361
543169
537289
538756
540225
535824
544644
546121
547600
556516
549081
552049
553536
555025
541696
558009
567009
559504
561001
562500
564001
565504
550564
577600
570025
571536
582169
574564
576081
568516
580644
573049
595984
588289
586756
589824
592900
579121
594441
585225
605284
597529
599076
608400
583696
600625
602176
603729
606841
609961
611524
613089
614656
616225
619369
591361
624100
620944
622521
617796
625681
627264
628849
630436
632025
633616
636804
635209
638401
640000
641601
643204
644809
646416
648025
649636
651249
654481
652864
659344
657721
660969
656100
662596
664225
665856
667489
669124
670761
672400
674041
675684
677329
680625
682276
678976
683929
685584
688900
687241
690561
692224
693889
698896
697225
695556
700569
702244
703921
705600
707281
708964
710649
712336
714025
715716
717409
719104
720801
724201
722500
725904
727609
729316
731025
732736
734449
737881
739600
736164
741321
749956
744769
746496
748225
743044
753424
755161
756900
758641
760384
751689
762129
765625
767376
774400
763876
770884
772641
769129
776161
779689
777924
783225
781456
788544
784996
790321
793881
786769
795664
797449
792100
799236
801025
802816
804609
806404
808201
810000
811801
813604
815409
819025
820836
817216
822649
824464
826281
828100
829921
831744
833569
835396
837225
839056
842724
844561
857476
840889
848241
850084
851929
853776
855625
846400
859329
879844
863041
864900
870489
872356
866761
868624
874225
876096
896809
902500
861184
877969
881721
883600
885481
889249
887364
893025
921600
894916
900601
898704
904401
908209
910116
906304
912025
913936
891136
915849
919681
917764
923521
927369
929296
931225
933156
935089
937024
938961
940900
942841
925444
944784
946729
948676
964324
952576
954529
956484
958441
962361
960400
978121
950625
968256
970225
972196
986049
980100
990025
982081
984064
966289
974169
976144
1002001
992016
994009
996004
998001
1000000
988036
1004004
1006009
1008016
1010025
1014049
1016064
1020100
1018081
1022121
1012036
1024144
1028196
1030225
1026169
1032256
1034289
1038361
1040400
1036324
1042441
1044484
1046529
1048576
1050625
1052676
1054729
1056784
1058841
1060900
1062961
1065024
1067089
1069156
1071225
1073296
1075369
1079521
1077444
1081600
1083681
1085764
1087849
1089936
1092025
1096209
1094116
1100401
1098304
1104601
1102500
1106704
1108809
1110916
1113025
1117249
1119364
1115136
1123600
1127844
1132096
1121481
1129969
1125721
1136356
1138489
1134225
1140624
1142761
1144900
1147041
1149184
1151329
3865156
3861225
3857296
3853369
3849444
3845521
3841600
3837681
3833764
3829849
3825936
3822025
3818116
3814209
3810304
3806401
3802500
3798601
3794704
3790809
3786916
3783025
3779136
3775249
3771364
3880900
3767481
3763600
3759721
3755844
3751969
3748096
3744225
3740356
3736489
3732624
3728761
3724900
3721041
3717184
3713329
3709476
3705625
3701776
3697929
3694084
3690241
3686400
3682561
3678724
3674889
3671056
3667225
3663396
3659569
3655744
3651921
3648100
3644281
3640464
3636649
3632836
3629025
3625216
3621409
3892729
3617604
3613801
3610000
3606201
3602404
3598609
3594816
3591025
3587236
3583449
3579664
3575881
3572100
3568321
3564544
3560769
3556996
3553225
3549456
3545689
3541924
3896676
3538161
3534400
3530641
3526884
3523129
3519376
3515625
3511876
3508129
3504384
3500641
3900625
3496900
3493161
3489424
3485689
3908529
3481956
3904576
3478225
3474496
3470769
3467044
3463321
3459600
3455881
3452164
3448449
3444736
3441025
3437316
3433609
3429904
3426201
3912484
3422500
3418801
3415104
3411409
3407716
3404025
3396649
3400336
3392964
3389281
3385600
3381921
3378244
3374569
3370896
3367225
3363556
3359889
3356224
3924361
3352561
3348900
3345241
3341584
3337929
3334276
3330625
3326976
3323329
3319684
3316041
3312400
3308761
3305124
3301489
3297856
3294225
3290596
3286969
3283344
3279721
3928324
3276100
3272481
3268864
3265249
3261636
3258025
3254416
3250809
3936256
3932289
3940225
3247204
3243601
3240000
3236401
3232804
3229209
3225616
3222025
3218436
3214849
3211264
3207681
3944196
3204100
3200521
3196944
3193369
3948169
3189796
3186225
3182656
3179089
3175524
3171961
3168400
3164841
3161284
3157729
3154176
3150625
3147076
3143529
3139984
3136441
3132900
3129361
3125824
3122289
3118756
3115225
3111696
3108169
3104644
3101121
3097600
3094081
3090564
3087049
3083536
3080025
3076516
3073009
3069504
3066001
3062500
3059001
3055504
3952144
3052009
3048516
3045025
3041536
3038049
3027600
3034564
3031081
3024121
3968064
3020644
3017169
3013696
3010225
3006756
3003289
2999824
2996361
2992900
2989441
3972049
2985984
2982529
2979076
2975625
2972176
2968729
2965284
2961841
2958400
3976036
2954961
2951524
2948089
2944656
2941225
2937796
2934369
2930944
2927521
2924100
2920681
3984016
2917264
3988009
2913849
2910436
2907025
2903616
2900209
3996001
2896804
2893401
2890000
2886601
2883204
2879809
2876416
2873025
2869636
2866249
2862864
2859481
2856100
2852721
2849344
2845969
2842596
2839225
2835856
2832489
2829124
2825761
2822400
2819041
2815684
2812329
2808976
2805625
2802276
2798929
2795584
2792241
2788900
4000000
2785561
2782224
2778889
2775556
2772225
2768896
2765569
2762244
2758921
2755600
2752281
2748964
2745649
2742336
2739025
2732409
2735716
2729104
2725801
2722500
2719201
2715904
2712609
2709316
2706025
2702736
2699449
2696164
2692881
2689600
2686321
2683044
2679769
2676496
2673225
2669956
2666689
2663424
2660161
2656900
2653641
2650384
2647129
2643876
2640625
2637376
2634129
2630884
2627641
2624400
2621161
2617924
2614689
2611456
2608225
2604996
2601769
2598544
2595321
2592100
2588881
2585664
2582449
2579236
4024036
2576025
2572816
2569609
2566404
2563201
2560000
2556801
2553604
2550409
2547216
2544025
2540836
2537649
2534464
2531281
2528100
2524921
2521744
2518569
2515396
2512225
2509056
2505889
2502724
2499561
2496400
2493241
2490084
2486929
2483776
2480625
2477476
2474329
2471184
2468041
2464900
2461761
2458624
2455489
2449225
2452356
2446096
2442969
2439844
2436721
2433600
2430481
2427364
2424249
2421136
2418025
2414916
2411809
2408704
2405601
2396304
2399401
2402500
2393209
2390116
2387025
2383936
2380849
2377764
2374681
2371600
2368521
2365444
2362369
2359296
2356225
2353156
2350089
2347024
2343961
2340900
2337841
2334784
2331729
2328676
2325625
2322576
2319529
2316484
2313441
2310400
2307361
4036081
2304324
2301289
2298256
2295225
2292196
2289169
2286144
2283121
2280100
2277081
2274064
2271049
2268036
2265025
2262016
2259009
2256004
2253001
2250000
2247001
2244004
2241009
2238016
2235025
2232036
2229049
2226064
2223081
2220100
2217121
2214144
2211169
2208196
2205225
2202256
2196324
2199289
2193361
2190400
2187441
2184484
2181529
2178576
2175625
2172676
2169729
2166784
2163841
2160900
2157961
2155024
2152089
2149156
2146225
2143296
2140369
2137444
2134521
2131600
2128681
2125764
2122849
2119936
2117025
2114116
2111209
2108304
2105401
2102500
2099601
2096704
4052169
2093809
2090916
2088025
2085136
2082249
2079364
2076481
2073600
2070721
2067844
2064969
2062096
2059225
2056356
2053489
2050624
2047761
2044900
2042041
2039184
2036329
2033476
2030625
2027776
2013561
2019241
2022084
2024929
2010724
2016400
2007889
2005056
2002225
1999396
1996569
1993744
1990921
1988100
1985281
1982464
1979649
1976836
1974025
1971216
1968409
1965604
1962801
1960000
1957201
1954404
1951609
1948816
1946025
1943236
1940449
1937664
4088484
1934881
1932100
1929321
1926544
1923769
1920996
1918225
1915456
1912689
1909924
1907161
1904400
1901641
1898884
1896129
1893376
1890625
1887876
1885129
1882384
1879641
1876900
1874161
1871424
1868689
1865956
1863225
1860496
1857769
1855044
1852321
1849600
1846881
1844164
1841449
1838736
1836025
1833316
1827904
1830609
1825201
1822500
1819801
1817104
1814409
1811716
1809025
1806336
1803649
1800964
1795600
1798281
1792921
1790244
1787569
1784896
1782225
4108729
4104676
1779556
4112784
1776889
1774224
4116841
1771561
1768900
1766241
1763584
1760929
1758276
1755625
1752976
1750329
1747684
1745041
1742400
1739761
1737124
1734489
1731856
1729225
1726596
1723969
1721344
1718721
1716100
1713481
1710864
1708249
4137156
1705636
1703025
1700416
1697809
1695204
1692601
4149369
1690000
1687401
1684804
4153444
1682209
1679616
1677025
1674436
1671849
1669264
1666681
1664100
4157521
1661521
1658944
1656369
1653796
1651225
1648656
1646089
1643524
1640961
1638400
1635841
1633284
1630729
1628176
1625625
1623076
1620529
1617984
4173849
1615441
1612900
4182025
1610361
1607824
1605289
1602756
4190209
1597696
1600225
1590121
1592644
1595169
1587600
1585081
1582564
1580049
1577536
1575025
1572516
1570009
1567504
1565001
1562500
1560001
1557504
1555009
1552516
1550025
1547536
1545049
1542564
1540081
1537600
1535121
1527696
1532644
1530169
1525225
1522756
1520289
1517824
1515361
1512900
1510441
1507984
1505529
1503076
1500625
1498176
1495729
1493284
1490841
1488400
1485961
1483524
1481089
1478656
1476225
1473796
1471369
1468944
1466521
1464100
1461681
1459264
1456849
1454436
1452025
1449616
1447209
1444804
1442401
1440000
1437601
1435204
1430416
1432809
4243600
1428025
1425636
1423249
1420864
1418481
1416100
1413721
1411344
1408969
1406596
1404225
1401856
1399489
1397124
1394761
1392400
1390041
1387684
1385329
1382976
4251844
1380625
1378276
1375929
1373584
1371241
1368900
1366561
1361889
1364224
1359556
1357225
1354896
1352569
1350244
1347921
1345600
1343281
1340964
1338649
1336336
4264225
1334025
1331716
1329409
1327104
1324801
4272489
1322500
1320201
1317904
1315609
1313316
1311025
1306449
1308736
1304164
4280761
1301881
1299600
1297321
1295044
1292769
1290496
4284900
1288225
1285956
1283689
1281424
1279161
1276900
1274641
1272384
1270129
1267876
1265625
1263376
1261129
1258884
1256641
1254400
1252161
1249924
1247689
1245456
1243225
1240996
1238769
1236544
1234321
1232100
1229881
1227664
4305625
1225449
1223236
1221025
1218816
1216609
1214404
4313929
1212201
1210000
1207801
1205604
1203409
1201216
1199025
1196836
1194649
1192464
1190281
1188100
1185921
1181569
1183744
1179396
1177225
1175056
1172889
1170724
1168561
1166400
1164241
1162084
1159929
1157776
1153476
1155625
4334724
4330561
4326400
4322241
4318084
4309776
4301476
4293184
4297329
4289041
4276624
4268356
4260096
4255969
4247721
4239481
4235364
4231249
4347225
4223025
4227136
4218916
4214809
4210704
4206601
4202500
4194304
4198401
4186116
4177936
4169764
4165681
4161600
4133089
4145296
4141225
4120900
4129024
4124961
4100625
4096576
4092529
4080400
4084441
4076361
4072324
4068289
4064256
4060225
4056196
4048144
4040100
4044121
4032064
4028049
4020025
4016016
4012009
4008004
4004001
4376464
3992004
3980025
3964081
3960100
3956121
3920400
3916441
3888784
3884841
3876961
3873024
4380649
3869089
4384836
4372281
4368100
4363921
4359744
4355569
4351396
4343056
4338889
4397409
4389025
4405801
4401604
4393216
4410000
4414201
4418404
4422609
4426816
4431025
4435236
4439449
4443664
4447881
4456321
4452100
4460544
4464769
4468996
4473225
4477456
4481689
4485924
4490161
4494400
4498641
4502884
4507129
4511376
4519876
4515625
4524129
4528384
4532641
4536900
4541161
4545424
4549689
4553956
4558225
4566769
4571044
4562496
4575321
4579600
4583881
4592449
4588164
4596736
4601025
4605316
4609609
4613904
4622500
4618201
4626801
4631104
4635409
4639716
4644025
4648336
4652649
4656964
4661281
4665600
4669921
4674244
4678569
4682896
4687225
4691556
4695889
4700224
4704561
4708900
4713241
4717584
4721929
4726276
4730625
4734976
4743684
4739329
4748041
4752400
4756761
4761124
4765489
4778596
4769856
4774225
4782969
4787344
4796100
4826809
4791721
4809249
4853209
4800481
4818025
4804864
4822416
4831204
4835601
4897369
4813636
4857616
4844401
4848804
4862025
4866436
4870849
4875264
4879681
4884100
4888521
4892944
4840000
4906225
4901796
4959529
4915089
4919524
4923961
4928400
4932841
4937284
5004169
4995225
4946176
4950625
4955076
4963984
4968441
4977361
4981824
4990756
4941729
4999696
5013121
5017600
5008644
5022081
4910656
5031049
5085025
5026564
5040025
4972900
5044516
5049009
4986289
5053504
5058001
5071504
5062500
5076009
5035536
5121169
5089536
5094049
5098564
5103081
5107600
5112121
5067001
5116644
5080516
5189284
5139289
5143824
5161984
5148361
5152900
5166529
5171076
5175625
5180176
5184729
5125696
5130225
5134756
5198400
5202961
5157441
5207524
5212089
5216656
5221225
5225796
5230369
5276209
5234944
5239521
5248681
5253264
5303809
5262436
5267025
5271616
5322249
5193841
5280804
5285401
5336100
5294601
5244100
5299204
5257849
5308416
5313025
5317636
5377761
5290000
5387041
5340721
5349969
5354596
5359225
5363856
5368489
5373124
5326864
5419584
5382400
5345344
5396329
5442889
5405625
5410276
5331481
5424241
5428900
5433561
5466244
5391684
5438224
5400976
5447556
5452225
5414929
5456896
5461569
5470921
5475600
5480281
5484964
5489649
5499025
5536609
5508409
5550736
5513104
5517801
5564881
5531904
5527201
5541316
5494336
5546025
5503716
5555449
5560164
5522500
5569600
5574321
5579044
5583769
5588496
5602689
5593225
5597956
5607424
5612161
5616900
5621641
5626384
5631129
5635876
5640625
5645376
5650129
5654884
5659641
5664400
5669161
5673924
5678689
5683456
5688225
5697769
5692996
5702544
5707321
5712100
5716881
5721664
5726449
5731236
5736025
5740816
5745609
5750404
5755201
5760000
5764801
5769604
5774409
5779216
5788836
5784025
5793649
5798464
5803281
5808100
5812921
5817744
5822569
5827396
5832225
5837056
5841889
5846724
5851561
5856400
5861241
5866084
5870929
5875776
5880625
5885476
5890329
5895184
5900041
5904900
5909761
5914624
5919489
5924356
5929225
5934096
5938969
5943844
5948721
5953600
5958481
5963364
5968249
5973136
5978025
5982916
5987809
5992704
5997601
6002500
6007401
6012304
6017209
6022116
6027025
6031936
6036849
6041764
6046681
6051600
6056521
6061444
6066369
6071296
6076225
6081156
6086089
6091024
6095961
6100900
6105841
6110784
6115729
6120676
6125625
6130576
6135529
6140484
6145441
6150400
6155361
6160324
6165289
6170256
6175225
6180196
6185169
6190144
6195121
6200100
6210064
6205081
6215049
6220036
6225025
6230016
6235009
6240004
6245001
6250000
6255001
6260004
6265009
6270016
6275025
6280036
6285049
6290064
6295081
6300100
6305121
6310144
6315169
6320196
6325225
6330256
6335289
6340324
6345361
6350400
6355441
6360484
6365529
6370576
6375625
6380676
6385729
6390784
6395841
6405961
6400900
6411024
6416089
6421156
6426225
6431296
6436369
6441444
6446521
6451600
6456681
6461764
6466849
6471936
6477025
6482116
6487209
6492304
6497401
6502500
6507601
6512704
6517809
6522916
6528025
6533136
6538249
6543364
6548481
6553600
6558721
6563844
6568969
6574096
6579225
6584356
6589489
6594624
6599761
6604900
6610041
6615184
6620329
6625476
6630625
6635776
6640929
6646084
6651241
6656400
6661561
6666724
6671889
6677056
6682225
6687396
6702921
6692569
6697744
6708100
6713281
6718464
6723649
6739216
6734025
6728836
6744409
6749604
6754801
6760000
6765201
6770404
6775609
6780816
6786025
6791236
6796449
6806881
6812100
6801664
6817321
6822544
6827769
6832996
6838225
6848689
6843456
6853924
6859161
6864400
6869641
6874884
6880129
6885376
6890625
6895876
6901129
6906384
6911641
6916900
6922161
6927424
6937956
6932689
6943225
6948496
6953769
6959044
6964321
6969600
6974881
6985449
6996025
6990736
6980164
7001316
7006609
7011904
7017201
7022500
7027801
7033104
7038409
7043716
7049025
7054336
7059649
7064964
7075600
7070281
7086244
7080921
7091569
7096896
7102225
7107556
7112889
7118224
7123561
7128900
7134241
7139584
7144929
7150276
7155625
7160976
7166329
7171684
7177041
7182400
7187761
7193124
7198489
7203856
7209225
7214596
7219969
7225344
7230721
7241481
7236100
7246864
7263025
7252249
7257636
7268416
7284601
7279204
7290000
7273809
7295401
7300804
7306209
7311616
7322436
7317025
7327849
7333264
7338681
7344100
7349521
7360369
7365796
7371225
7354944
7376656
7382089
7387524
7392961
7398400
7403841
7409284
7414729
7420176
7425625
7431076
7436529
7441984
7447441
7452900
7458361
7463824
7469289
7474756
7480225
7485696
7491169
7496644
7507600
7524049
7518564
7546009
7529536
7535025
7502121
7513081
7540516
7551504
7590025
7557001
7562500
7606564
7579009
7634169
7595536
7568001
7573504
7612081
7601049
7617600
7623121
7683984
7584516
7639696
7645225
7650756
7656289
7661824
7667361
7672900
7678441
7745089
7689529
7700625
7784100
7717284
7711729
7722841
7733961
7739524
7750656
7628644
7756225
7761796
7767369
7695076
7772944
7778521
7706176
7789681
7795264
7728400
7800849
7806436
7812025
7817616
7868025
7828804
7834401
7840000
7851204
7845601
7856809
7873636
7879249
7884864
7907344
7862416
7823209
7918596
7901721
7890481
7924225
7912969
7896100
7929856
7935489
7941124
7946761
7952400
7958041
7963684
7969329
7974976
7980625
7986276
7991929
7997584
8003241
8014561
8008900
8020224
8025889
8031556
8037225
8042896
8048569
8054244
8059921
8071281
8065600
8076964
8082649
8088336
8094025
8099716
8105409
8111104
8116801
8122500
8128201
8133904
8139609
8145316
8156736
8151025
8162449
8168164
8173881
8179600
8185321
8191044
8196769
8202496
8208225
8213956
8219689
8225424
8231161
8236900
8242641
8248384
8254129
8259876
8265625
8271376
8277129
8282884
8288641
8294400
8300161
8305924
8311689
8317456
8323225
8328996
8334769
8340544
8346321
8352100
8357881
8363664
8369449
8375236
8381025
8386816
8392609
8398404
8404201
8410000
8415801
8421604
8427409
8433216
8439025
8444836
8450649
8456464
8462281
8468100
8473921
8479744
8485569
8491396
8497225
8503056
8508889
8514724
8520561
8526400
8532241
8538084
8543929
8549776
8555625
8561476
8567329
8573184
8579041
8584900
8590761
8596624
8602489
8608356
8614225
8620096
8625969
8631844
8637721
8643600
8649481
8655364
8661249
8667136
8673025
8678916
8684809
8690704
8696601
8702500
8708401
8714304
8720209
8726116
8732025
8737936
8743849
8749764
8755681
8761600
8767521
8773444
8779369
8785296
8791225
8797156
8803089
8809024
8814961
8820900
8826841
8832784
8838729
8844676
8850625
8856576
8862529
8868484
8874441
8880400
8886361
8892324
8898289
8904256
8910225
8916196
8922169
8928144
8934121
8940100
8946081
8952064
8958049
8970025
8964036
8976016
8982009
8988004
8994001
9006001
9012004
9000000
9030025
9018009
9024016
9036036
9042049
9048064
9054081
9060100
9066121
9072144
9078169
9084196
9090225
9096256
9102289
9108324
9114361
9126441
9132484
9120400
9138529
9144576
9156676
9150625
9162729
9168784
9174841
9180900
9186961
9193024
9199089
9211225
9223369
9217296
9205156
9229444
9235521
9241600
9247681
9253764
9259849
9265936
9272025
9278116
9284209
9290304
9296401
9302500
9308601
9314704
9320809
9326916
9333025
9339136
9345249
9351364
9357481
9363600
9369721
9375844
9381969
9388096
9394225
9406489
9400356
9412624
9418761
9424900
9431041
9437184
9443329
9449476
9455625
9461776
9467929
9474084
9480241
9486400
9492561
9498724
9504889
9511056
9517225
9529569
9535744
9523396
9541921
9548100
9554281
9560464
9566649
9585216
9579025
9603801
9591409
9616201
9597604
9610000
9628609
9622404
9572836
9634816
9641025
9647236
9672100
9653449
9659664
9665881
9696996
9678321
9684544
9690769
9703225
9715689
9709456
9721924
9728161
9734400
9740641
9759376
9753129
9746884
9765625
9778129
9771876
9784384
9790641
9796900
9803161
9809424
9815689
9821956
9828225
9834496
9840769
9847044
9853321
9859600
9865881
9878449
9872164
9884736
9891025
9897316
9903609
9909904
9916201
9928801
9922500
9935104
9941409
9954025
9947716
9960336
9966649
9972964
9979281
9985600
9991921
9998244
10004569
10010896
10017225
10023556
10029889
10036224
10042561
10048900
10055241
10061584
10067929
10074276
10080625
10086976
10093329
10099684
10106041
10112400
10118761
10125124
10131489
10137856
10144225
10150596
10156969
10163344
10169721
10176100
10182481
10188864
10195249
10201636
10208025
10214416
10220809
10227204
10240000
10233601
10246401
10252804
10259209
10272025
10278436
10265616
10284849
10291264
10297681
10304100
10310521
10316944
10323369
10336225
10329796
10342656
10349089
10361961
10355524
10368400
10374841
10381284
10387729
10394176
10400625
10407076
10419984
10413529
10439361
10426441
10432900
10445824
10452289
10465225
10458756
10471696
10484644
10478169
10491121
10504081
10497600
10510564
10517049
10523536
10530025
10536516
10543009
10549504
10556001
10562500
10569001
10575504
10582009
10588516
10595025
10601536
10608049
10614564
10621081
10627600
10634121
10640644
10647169
10653696
10660225
10666756
10673289
10679824
10686361
10692900
10699441
10705984
10712529
10719076
10725625
10732176
10738729
10751841
10745284
10758400
10764961
10771524
10784656
10778089
10791225
10804369
10810944
10797796
10817521
10824100
10830681
10837264
10843849
10850436
10863616
10857025
10870209
10876804
10883401
10896601
10890000
10903204
10916416
10909809
10923025
10936249
10929636
10942864
10949481
10956100
10962721
10969344
10975969
10982596
10989225
10995856
11002489
11009124
11015761
11022400
11029041
11035684
11042329
11048976
11055625
11062276
11068929
11075584
11082241
11088900
11095561
11102224
11108889
11122225
11115556
11128896
11135569
11148921
11155600
11162281
11142244
11168964
11175649
11189025
11195716
11202409
11182336
11215801
11209104
11222500
11229201
11235904
11242609
11249316
11262736
11256025
11269449
11276164
11289600
11282881
11296321
11303044
11309769
11316496
11323225
11329956
11336689
11343424
11350161
11370384
11363641
11356900
11390625
11383876
11377129
11404129
11410884
11397376
11417641
11444689
11458225
11431161
11478544
11437924
11424400
11464996
11471769
11451456
11485321
11492100
11526025
11498881
11505664
11512449
11519236
11532816
11546404
11539609
11553201
11560000
11566801
11573604
11580409
11587216
11594025
11600836
11607649
11614464
11621281
11628100
11634921
11641744
11648569
11655396
11662225
11669056
11675889
11682724
11689561
11696400
11703241
11710084
11716929
11723776
11730625
11737476
11744329
11751184
11758041
11764900
11771761
11778624
11785489
11792356
11799225
11806096
11812969
11819844
11826721
11833600
11840481
11847364
11854249
11861136
11868025
11874916
11881809
11888704
11895601
11902500
11909401
11916304
11923209
11930116
11937025
11943936
11950849
11957764
11964681
11971600
11978521
11985444
11992369
11999296
12006225
12013156
12020089
12027024
12033961
12040900
12047841
12054784
12061729
12068676
12075625
12082576
12089529
12096484
12103441
12110400
12117361
12124324
12131289
12145225
12138256
12152196
12159169
12166144
12173121
12187081
12180100
12194064
12201049
12208036
12215025
12222016
12229009
12236004
12243001
12250000
12257001
12264004
12271009
12278016
12285025
12292036
12299049
12306064
12313081
12320100
12327121
12334144
12348196
12341169
12355225
12362256
12369289
12376324
12383361
12390400
12397441
12404484
12411529
12418576
12425625
12432676
12439729
12446784
12453841
12460900
12467961
12475024
12482089
12489156
12503296
12496225
12510369
12517444
12524521
12531600
12538681
12552849
12545764
12559936
12567025
12574116
12588304
12581209
12595401
12609601
12616704
12602500
12623809
12630916
12645136
12638025
12659364
12652249
12666481
12673600
12680721
12687844
12694969
12702096
12709225
12716356
12723489
12730624
12737761
12744900
12752041
12766329
12759184
12773476
12780625
12794929
12787776
12809241
12802084
12816400
12823561
12837889
12830724
12845056
12852225
12859396
12866569
12873744
12888100
12880921
12895281
12902464
12909649
12916836
12924025
12938409
12945604
12931216
12952801
12967201
12960000
12974404
12988816
12981609
12996025
13003236
13010449
13017664
13024881
13032100
13039321
13046544
13053769
13060996
13068225
13075456
13082689
13089924
13097161
13104400
13111641
13118884
13126129
13133376
13140625
13147876
13155129
13162384
13169641
13176900
13184161
13191424
13198689
13205956
13213225
13220496
13227769
13235044
13242321
13249600
13256881
13264164
13271449
13278736
13286025
13293316
13300609
13307904
13315201
13322500
13329801
13337104
13344409
13351716
13359025
13366336
13373649
13380964
13402921
13388281
13417569
13410244
13395600
13439556
13432225
13461561
13424896
13476241
13454224
13468900
13520329
13490929
13498276
13505625
13446889
13483584
13512976
13527684
13535041
13586596
13549761
13557124
13571856
13608721
13542400
13593969
13601344
13579225
13616100
13623481
13630864
13564489
13638249
13660416
13653025
13667809
13645636
13675204
13682601
13690000
13704804
13712209
13697401
13719616
13734436
13741849
13727025
13749264
13778944
13764100
13771521
13786369
13793796
13808656
13830961
13756681
13816089
13823524
13801225
13875625
13883076
13853284
13868176
13838400
13845841
13860729
13890529
13897984
13920361
13905441
13912900
13927824
13935289
13942756
13950225
13965169
13995081
13987600
13957696
14002564
13980121
13972644
14017536
14025025
14040009
14047504
14055001
14010049
14062500
14070001
14077504
14085009
14032516
14092516
14100025
14115049
14122564
14107536
14130081
14137600
14145121
14152644
14160169
14175225
14167696
14182756
14190289
14197824
14205361
14212900
14220441
14227984
14235529
14243076
14250625
14258176
14265729
14273284
14280841
14288400
14295961
14303524
14311089
14318656
14326225
14333796
14341369
14348944
14356521
14364100
14371681
14379264
14386849
14394436
14402025
14409616
14417209
14424804
14432401
14440000
14447601
14455204
14462809
14470416
14478025
14485636
14493249
14500864
14508481
14516100
14523721
14531344
14538969
14546596
14554225
14561856
14569489
14577124
14584761
14592400
14600041
14607684
14615329
14622976
14630625
14638276
14645929
14653584
14661241
14668900
14676561
14684224
14691889
14699556
14707225
14714896
14722569
14730244
14737921
14745600
14768649
14760964
14753281
14776336
14784025
14799409
14791716
14830201
14807104
14822500
14814801
14837904
14845609
14876449
14853316
14868736
14861025
14884164
14891881
14899600
14907321
14915044
14961424
14922769
14938225
14930496
14945956
15015625
14969161
14976900
14984641
15000129
15007876
14953689
15023376
15031129
15085456
15038884
15046641
14992384
15062161
15069924
15077689
15093225
15100996
15054400
15108769
15116544
15124321
15132100
15139881
15194404
15163236
15155449
15147664
15171025
15178816
15186609
15210000
15217801
15225604
15233409
15202201
15241216
15249025
15264649
15272464
15256836
15280281
15288100
15295921
15303744
15311569
15319396
15335056
15327225
15342889
15382084
15358561
15366400
15413476
15374241
15350724
15444900
15389929
15405625
15476356
15421329
15429184
15437041
15452761
15460624
15492096
15507844
15468489
15484225
15499969
15539364
15523600
15547249
15515721
15531481
15578809
15397776
15555136
15563025
15586704
15570916
15594601
15610401
15602500
15618304
15626209
15634116
15642025
15649936
15657849
15705369
15665764
15673681
15721225
15689521
15697444
15737089
15713296
15681600
15745024
15752961
15729156
15776784
15768841
15784729
15760900
15792676
15832441
15800625
15808576
15816529
15840400
15824484
15848361
15864289
15872256
15880225
15888196
15896169
15856324
15904144
15912121
15920100
15928081
15936064
15960025
15944049
15968016
15952036
15976009
15984004
15992001
16000000
16008001
16016004
16024009
16032016
16040025
16048036
16056049
16064064
16072081
16088121
16080100
16096144
16104169
16120225
16112196
16128256
16136289
16144324
16152361
16160400
16168441
16176484
16184529
16192576
16200625
16208676
16216729
16224784
16232841
16248961
16240900
16257024
16265089
16273156
16281225
16289296
16297369
16305444
16313521
16321600
16329681
16337764
16345849
16353936
16362025
16370116
16378209
16386304
16394401
16402500
16410601
16418704
16426809
16434916
16443025
16451136
16459249
16467364
16475481
16483600
16491721
16499844
16507969
16516096
16524225
16532356
16540489
16548624
16556761
16564900
16573041
16581184
16589329
16597476
16605625
16613776
16621929
16630084
16638241
16646400
16654561
16662724
16670889
16679056
16687225
16695396
16703569
16711744
16719921
16728100
16736281
16744464
16752649
16760836
16769025
16777216
16785409
16793604
16801801
16810000
16818201
16826404
16834609
16842816
16851025
16859236
16867449
16875664
16883881
16892100
16900321
16908544
16916769
16933225
16924996
16941456
16949689
16957924
16966161
16974400
16982641
16990884
16999129
17007376
17015625
17023876
17032129
17040384
17048641
17056900
17065161
17073424
17081689
17089956
17098225
17106496
17114769
17123044
17131321
17139600
17147881
17156164
17164449
17172736
17181025
17189316
17197609
17205904
17214201
17222500
17230801
17239104
17247409
17255716
17264025
17272336
17280649
17288964
17297281
17305600
17313921
17322244
17330569
17338896
17347225
17355556
17363889
17372224
17380561
17388900
17397241
17405584
17413929
17422276
17430625
17438976
17447329
17455684
17464041
17472400
17480761
17489124
17505856
17497489
17514225
17530969
17522596
17539344
17547721
17556100
17564481
17572864
17581249
17589636
17598025
17606416
17614809
17623204
17631601
17640000
17648401
17656804
17665209
17673616
17682025
17690436
17698849
17707264
17715681
17724100
17732521
17740944
17749369
17757796
17766225
17774656
17783089
17791524
17799961
17808400
17816841
17825284
17833729
17842176
17850625
17859076
17867529
17875984
17884441
17892900
17901361
17909824
17918289
17926756
17935225
17943696
17952169
17960644
17969121
17977600
17986081
17994564
18003049
18011536
18020025
18028516
18037009
18045504
18054001
18062500
18071001
18079504
18088009
18096516
18105025
18113536
18122049
18130564
18139081
18147600
18173169
18156121
18164644
18181696
18190225
18198756
18207289
18215824
18224361
18232900
18241441
18249984
18258529
18267076
18275625
18284176
18292729
18301284
18309841
18318400
18326961
18335524
18344089
18352656
18361225
18369796
18378369
18386944
18395521
18404100
18412681
18421264
18429849
18438436
18447025
18455616
18464209
18472804
18481401
18490000
18498601
18507204
18515809
18524416
18533025
18541636
18550249
18558864
18567481
18576100
18584721
18593344
18601969
18610596
18619225
18627856
18636489
18645124
18653761
18662400
18679684
18671041
18688329
18696976
18705625
18714276
18722929
18731584
18740241
18748900
18757561
18774889
18766224
18783556
18792225
18800896
18809569
18826921
18818244
18835600
18844281
18852964
18861649
18870336
18879025
18887716
18896409
18905104
18913801
18922500
18931201
18939904
18948609
18957316
18966025
18974736
18983449
18992164
19000881
19009600
19018321
19027044
19035769
19044496
19053225
19061956
19070689
19079424
19088161
19096900
19105641
19114384
19123129
19131876
19140625
19149376
19158129
19166884
19175641
19184400
19193161
19201924
19210689
19219456
19228225
19245769
19236996
19254544
19263321
19272100
19280881
19289664
19298449
19307236
19316025
19324816
19333609
19342404
19351201
19360000
19368801
19377604
19386409
19395216
19404025
19412836
19421649
19430464
19439281
19448100
19456921
19465744
19474569
19483396
19492225
19501056
19509889
19518724
19527561
19536400
19545241
19554084
19562929
19571776
19580625
19589476
19607184
19598329
19616041
19624900
19633761
19642624
19651489
19660356
19669225
19678096
19686969
19695844
19704721
19713600
19722481
19731364
19740249
19749136
19758025
19766916
19784704
19775809
19793601
19811401
19802500
19820304
19829209
19838116
19847025
19855936
19864849
19873764
19882681
19891600
19900521
19909444
19918369
19927296
19936225
19945156
19954089
19963024
19971961
19980900
19989841
19998784
20007729
20016676
20025625
20034576
20043529
20052484
20061441
20070400
20079361
20097289
20088324
20106256
20115225
20124196
20133169
20142144
20151121
20160100
20169081
20178064
20187049
20196036
20205025
20214016
20223009
20232004
20250000
20241001
20259001
20268004
20277009
20286016
20295025
20304036
20313049
20322064
20331081
20340100
20349121
20358144
20367169
20376196
20385225
20394256
20403289
20412324
20421361
20430400
20439441
20448484
20457529
20466576
20475625
20484676
20493729
20502784
20511841
20529961
20520900
20539024
20548089
20575296
20557156
20566225
20584369
20611600
20602521
20593444
20620681
20638849
20629764
20647936
20657025
20666116
20675209
20684304
20693401
20702500
20711601
20720704
20729809
20738916
20748025
20757136
20766249
20775364
20784481
20793600
20802721
20811844
20820969
20830096
20839225
20848356
20857489
20875761
20866624
20884900
20894041
20903184
20912329
20921476
20930625
20939776
20948929
20958084
20967241
20985561
20976400
20994724
21003889
21013056
21022225
21031396
21040569
21049744
21058921
21068100
21077281
21114025
21095649
21104836
21086464
21123216
21132409
21141604
21150801
21169201
21206025
21187609
21215236
21160000
21233664
21196816
21224449
21178404
21252100
21242881
21261321
21270544
21279769
21307456
21298225
21316689
21325924
21335161
21288996
21344400
21353641
21362884
21381376
21409129
21399876
21427641
21372129
21418384
21455424
21446161
21464689
21390625
21436900
21473956
21483225
21492496
21501769
21520321
21529600
21538881
21548164
21566736
21613201
21511044
21576025
21641104
21603904
21557449
21622500
21631801
21585316
21594609
21659716
21678336
21669025
21687649
21696964
21706281
21650409
21715600
21724921
21743569
21780889
21752896
21818241
21771556
21790224
21864976
21762225
21827584
21883684
21836929
21855625
21846276
21799561
21949225
21808900
21734244
21911761
21902400
21893041
21921124
21939856
21958596
21967969
21977344
21986721
22005481
22014864
21930489
22043025
22052416
22061809
21996100
22071204
22024249
22080601
21874329
22127616
22033636
22090000
22099401
22108804
22118209
22137025
22146436
22155849
22184100
22193521
22202944
22165264
22174681
22250089
22212369
22221796
22231225
22240656
22259524
22268961
22278400
22287841
22316176
22306729
22297284
22353984
22325625
22335076
22344529
22363441
22391824
22410756
22382361
22401289
22372900
22420225
22429696
22439169
22448644
22458121
22467600
22477081
22486564
22496049
22505536
22515025
22534009
22524516
22543504
22572001
22562500
22553001
22581504
22591009
22600516
22610025
22619536
22648081
22629049
22657600
22638564
22724289
22676644
22686169
22695696
22771984
22733824
22800625
22714756
22752900
22762441
22705225
22886656
22667121
22810176
22743361
22838841
23011209
22829284
22848400
22877089
22857961
22867524
22896225
22905796
22915369
23136100
22924944
22953681
22934521
22963264
22972849
22982436
23001616
23261329
23020804
23030401
23290276
23319241
23049601
23059204
23068809
23078416
23088025
22781529
23097636
23107249
23116864
23126481
23145721
23415921
23174596
23184225
22944100
23155344
23203489
23532201
23242041
23251684
22992025
23222761
23270976
22819729
23609881
23280625
23299929
23716900
23309584
23328900
23338561
23348224
23367556
23377225
23386896
22791076
23853456
23425600
23406244
23454649
23464336
23435281
23483716
23193856
23493409
23503104
23512801
23541904
24226084
23213124
23571025
23580736
23600164
23619600
23232400
23629321
23648769
23658496
23687689
23697424
23668225
23677956
23707161
23040000
24571849
23726641
23736384
23746129
23755876
23765625
24651225
24671089
23785129
23804641
23814400
23824161
23833924
23843689
23396569
23863225
23882769
23892544
23164969
23902321
23474025
23912100
24980004
23931664
23941449
23951236
23980609
23990404
25060036
23961025
24000201
24010000
24039409
24049216
24078649
24088464
24117921
24127744
24157225
24068836
25230529
24196561
24098281
24206400
24235929
25310961
24108100
24137569
24147396
24176889
24186724
25411681
24245776
23522500
24255625
24275329
24285184
25502500
23561316
23551609
24314761
23590449
24295041
24324624
24304900
24334489
25674489
24354225
25694761
24373969
24364096
24383844
24393721
24403600
24433249
25786084
24413481
24423364
24472809
24482704
24453025
24512401
24462916
24492601
25877569
24532209
24542116
24552025
26132544
24561936
24591681
24601600
24611521
24621444
24631369
24641296
24661156
23357889
24690961
26708224
23794884
24710841
24720784
24750625
24730729
24760576
24740676
26925721
24790441
24800400
24770529
26967249
24780484
23872996
24810361
24850225
24840256
23444964
24870169
24910081
27133681
24860196
24890121
24900100
24930049
24940036
24970009
23921881
24920064
24950025
24960016
24990001
27258841
25030009
25010001
25020004
25040016
27248400
27311076
25050025
25070049
27363361
25080064
25100100
23970816
25130169
25140196
25150225
27478564
25160256
25180324
25190361
25200400
25210441
25250625
24167056
27562500
27583504
25270729
27688644
25280784
25290841
25300900
25321024
25331089
25341156
25351225
25361296
25371369
25391521
24216241
25421764
27783441
25431849
25441936
25452025
25472209
27962944
25492401
25482304
25512601
25532809
25542916
25573249
28270489
25583364
25613721
25623844
25603600
25633969
24344356
25654225
25664356
25684624
25704900
23639044
25725184
25745476
25755625
25765776
25775929
24443136
25796241
25806400
25826724
25836889
25847056
24522304
24502500
29062881
25887744
29181604
29192409
25918281
25928464
25969216
25999801
29430625
26010000
26040609
26050816
26081449
26091664
25897921
26122321
24581764
25908100
31091776
25948836
31214569
26020201
31393609
31584400
31798321
26163225
26071236
26101881
26142769
26173456
26152996
26193924
26204161
26214400
32137561
26245129
26255376
26286129
26296384
26327161
26337424
26234884
26265625
26368225
26378496
32296489
26306641
26409321
26419600
26450449
26460736
32478601
26357956
26399044
26491609
26429881
26501904
26440164
26532801
26543104
26481316
26512201
26522500
26553409
32604100
24681024
26574025
26584336
26615281
26594649
26625600
26656569
26604964
26666896
32706961
26697889
26646244
24700900
26677225
26687556
26718561
26728900
26739241
32787076
26780625
26790976
26759929
26822041
32832900
26770276
26801329
32855824
26842761
26863489
26873856
26904969
26894596
26915344
26936100
26946481
26956864
26977636
27019204
27060804
32993536
24820324
26988025
27092025
24830289
27102436
26998416
27029601
27040000
27081616
27071209
27123264
24880144
27144100
27154521
27164944
33200644
27175369
33223696
33431524
27206656
27217089
27227524
27237961
33547264
25000000
27269284
27300625
24019801
27279729
27290176
27321529
27331984
27342441
33674809
24029604
27352900
27373824
25090081
27405225
27394756
25110121
27415696
27426169
27436644
25120144
27447121
27457600
27468081
25170289
27510025
27520516
25220484
33953929
34000561
27489049
27499536
34128964
27541504
24059025
25240576
27604516
27573001
25260676
27615025
27625536
27636049
27657081
27646564
27678121
34492129
27667600
27699169
34527376
27720225
27730756
27741289
34562641
27804529
27772900
27815076
27793984
27825625
25381444
27857284
27888961
27867841
27931225
25401600
27941796
27878400
27910089
27973521
28026436
28015849
24265476
28058209
27920656
27952369
25462116
27994681
28005264
28037025
35533521
28079401
35545444
28090000
28068804
28121809
28111204
28132416
35628961
25522704
28174864
28153636
28185481
28196100
28206721
28217344
28227969
28238596
28281124
25553025
35736484
25593481
28249225
28259856
35880100
35832196
28302400
28313041
28323684
28376929
28355625
35964009
28398241
28440889
28408900
28451556
28462225
36108081
28504921
36360900
28494244
36397089
28515600
28526281
28558336
28536964
28569025
28590409
28601104
36493681
28611801
28633201
28643904
25715041
28654609
28665316
28697449
28676025
28708164
28686736
28718881
28729600
28761769
36687249
28815424
28751044
28847641
28858384
28890625
28901376
28783225
28793956
28836900
28869129
28912129
36808489
25816561
36820624
28933641
28944400
28955161
28965924
28976689
28987456
29019769
29030544
28998225
29008996
29041321
29073664
37002889
29106025
25857225
29116816
29084449
37088100
29095236
29127609
29138404
29214025
37210000
29224836
29257281
29268100
29203216
37368769
29278921
29289744
29322225
37736449
29365561
29343889
29354724
29408929
29419776
29387241
29398084
38081241
29474041
25959025
29452329
29495761
29506624
29463184
29539225
29550096
29582721
29593600
29637136
29669809
29680704
29724304
29757025
29767936
38217124
29811600
29844369
38254225
29888089
38266596
29931841
29517489
29942784
29975625
29528356
29560969
38340864
30019441
29604481
29615364
30063289
29648025
30074256
29658916
29691601
38588944
29746116
39025009
39175081
29822521
29833444
29866225
29877156
29909961
29920900
30107169
30118144
30151081
39337984
29953729
29997529
30008484
30052324
30085225
30096196
39388176
30140100
30173049
39425841
30228004
39488656
30272004
39526369
30316036
30349081
30195025
30206016
30239001
30250000
30283009
30294016
39677401
30327049
30371121
30382144
30415225
30459361
39702601
30470400
30503529
30514576
39740416
39778249
30547729
30591961
30603024
39866596
30647296
30680521
30691600
30404196
30437289
30735936
30448324
39942400
30769209
30780304
30525625
30536676
30569841
39992976
30813601
30824704
30614089
30625156
40030929
30669444
40043584
30713764
30747025
30758116
30802500
30835809
30846916
30880249
30858025
30869136
30902481
30913600
30946969
30991489
31002624
31036041
31125241
31136400
40806544
31169889
31181056
25938649
30891364
30935844
40998409
30980356
41100921
31024900
41152225
31069476
31114084
31147561
31203396
31236921
31281649
41203561
31225744
31259281
31270464
31304025
31315216
25979409
25989604
31348801
31326409
31337604
31360000
31404816
31438449
31449664
41589601
41641209
31528225
41679936
31371201
31382404
31416025
31427236
31483321
31663129
31674384
31472100
31505769
31516996
31550689
31595641
31640625
41938576
31708161
31651876
31685641
31696900
31730689
42081169
31775769
31787044
31820881
31753225
31832164
31764496
31866025
42406144
31809600
42484324
31843449
31888609
31911201
31899904
31922500
31933801
26112100
31956409
31967716
31945104
31979025
32024281
32001649
31990336
32012964
42667024
42653961
32069569
32046921
32058244
32080896
42810849
32114889
32126224
42850116
32103556
32160241
42863209
32148900
32171584
32182929
32205625
32194276
32216976
42954916
26224641
32239684
32251041
43033600
26275876
32307856
32273761
32285124
32319225
32330596
32341969
43125489
26316900
43164900
43191184
32387481
43243776
43362225
32433025
32421636
43322724
32455809
32467204
26347689
32490000
32512804
43520409
43480836
43560000
32535616
32547025
32558436
26471025
43639236
32592681
43626025
32615521
32626944
32638369
32649796
32661225
26388769
32684089
32718400
32729841
32741284
26635921
32752729
32764176
32775625
32798529
32809984
32821441
26832400
32844361
32867289
26811684
26853124
32901696
43970161
32913169
26884225
32924644
32936121
32947600
32970564
32959081
27008809
27050401
44049769
33005025
33028009
33039504
44102881
33051001
44262409
33074001
33062500
33085504
33097009
33120025
27112849
33131536
33143049
33154564
33166081
33177600
33212169
33235225
33246756
33281361
33292900
27185796
44502241
33258289
33327529
33339076
33269824
33304441
33350625
33315984
33396841
33362176
33443089
33454656
33373729
33489369
33385284
33419961
27196225
33477796
44689225
33500944
44756100
33524100
33535681
33558849
33582025
33570436
33593616
33605209
33616804
33628401
33651601
33663204
33686416
33698025
33709636
33721249
33732864
27384289
33744481
33756100
33767721
44997264
33790969
33802596
33814225
33825856
33837489
33860761
33849124
33872400
33884041
33895684
33907329
45104656
45158400
33930625
33942276
45225625
33977241
33965584
33988900
27552001
34012224
34023889
34035556
34070569
34082244
34117281
27531009
34047225
34093921
45414121
34105600
34140649
34164025
34175716
45468049
34222500
34257609
34269316
27594009
34187409
34199104
45549001
34245904
34281025
34292736
34327881
34304449
34316164
34339600
34351321
34398225
34374769
34386496
34409956
34421689
34433424
34445161
34456900
34468641
34480384
34503876
27709696
45697600
34539129
34550884
27751824
27762361
34574400
34586161
34609689
34597924
27836176
34656769
34668544
45765225
34715664
34751025
34762816
34798201
34810000
34845409
34857216
34892649
34904464
34939921
34951744
34987225
34999056
35034561
35046400
35081929
35093776
34633225
34644996
27846729
34680321
34692100
34727449
34774609
34786404
34821801
34833604
34880836
34869025
34916281
34928100
34963569
35010889
35022724
35058241
35070084
35117476
27899524
35129329
35176761
35141184
35188624
46485124
35164900
35224225
35236096
46594276
35247969
35259844
35295481
46744569
35271721
35319249
35331136
35366809
27984100
46771921
35354916
35390601
35402500
35378704
35426304
35438209
35462025
35450116
35485849
35497764
35509681
35521600
47073321
35557369
47114496
35581225
28100601
35593156
47087044
35605089
28143025
35640900
47279376
28164249
35676729
35652841
35700625
35664784
35712576
35724529
25563136
47623801
35760400
35772361
35796289
35808256
35784324
35820225
47969476
47941776
28334329
35844169
35856144
35892081
35916049
28344976
48163600
35952016
28366276
35976004
28387584
28419561
35988001
28430224
36000000
36012001
36024004
28483569
48246916
48260809
36072036
28472896
36120100
36156169
36168196
36048016
36216324
36252441
36264484
48372025
36300625
36348841
25644096
36409156
48399849
28547649
36445369
28579716
36457444
36096064
36132121
36144144
36180225
36192256
36228361
36240400
36276529
36288576
36324729
36372961
48734361
48720400
36433296
36469521
36481600
36517849
36505764
28622500
36542025
36554116
25735329
36529936
36566209
36578304
36590401
36614601
36602500
36638809
36650916
48902049
28804689
48916036
36626704
36675136
36663025
36711481
49000000
36735721
36747844
28826161
36759969
28740321
36784225
28879876
36796356
36832761
36844900
36881329
49196196
36857041
36869184
36905625
36917776
36929929
36942084
36954241
36966400
36990724
36978561
37015056
29052100
37027225
37039396
37051569
49533444
29149201
37100281
37112464
37124649
49561600
37149025
49589764
37173409
37197801
29170801
37185604
37222201
37246609
37258816
37271025
37283236
29235649
37295449
37307664
37344321
37319881
37380996
29246464
37356544
37393225
37442161
37454400
37491129
37540129
37552384
37589161
37601424
37417689
49829481
29333056
37638225
37650496
37687321
37699600
37466641
37478884
37515625
37527876
37564641
37613689
37625956
37662769
29300569
29311396
37785609
37797904
37834801
37847104
50098084
37724164
37761025
37773316
37810201
37822500
37859409
37871716
37908649
37884025
37920964
37896336
37957921
37970244
50239744
37933281
37945600
37982569
37994896
38007225
38031889
38019556
38044224
38056561
38068900
29441476
29484900
38093584
38105929
38118276
29626249
38130625
38155329
38142976
50395801
38167684
38180041
29713401
38192400
38204761
50438404
29800681
38229489
29855296
38241856
29899024
38278969
38291344
38303721
38316100
29986576
38328481
29571844
50552100
38402809
38378025
38390416
50608996
38427601
38440000
38452401
38502025
38514436
50680161
38489616
38526849
50751376
38551681
38564100
38576521
38626225
38638656
29702500
29735209
38675961
38688400
38725729
38738176
50936769
38775529
38787984
38825361
38887696
50993881
38601369
38651089
51008164
38663524
38750625
51036736
38763076
38812900
38850289
51079609
38912644
38925121
38937600
38975049
38987536
51122500
38950081
39037504
51236964
51322896
39000025
39012516
39050001
39062500
51408900
39075001
39087504
39125025
29789764
51581124
39225169
39237696
39150049
39200121
39212644
51868804
39275289
39287824
39325441
39300361
39312900
30162064
29964676
39350529
39363076
30041361
39375625
30184036
30129121
30217009
39400729
39413284
39450961
39476089
39463524
30261001
39501225
30305025
39513796
39538944
54243225
39551521
39564100
39576681
25867396
54257956
39589264
39614436
54464400
39639616
39664804
30338064
54538225
39690000
39715204
54715609
30426256
54760000
39727809
30360100
39753025
30393169
39790864
39828721
39765636
39803481
39841344
39816100
39853969
30636225
39879225
30724849
39891856
55071241
39917124
39929761
30492484
39955041
39967684
39980329
30580900
40005625
30658369
30702681
40056241
40081561
55190041
40068900
40106889
56010256
40119556
56025225
40144896
40170244
40182921
56145049
40208281
40259025
40271716
40309801
40322500
30958096
56190016
40233649
40246336
40284409
40297104
56310016
40347904
40386025
40398736
40436881
40449600
55338721
40500496
40487769
56370064
40373316
31047184
40538689
40551424
40589641
40602384
40653376
40640625
56430144
40704400
56445169
40755456
40411449
40424164
40462321
40475044
40513225
40525956
40576900
40666129
40678884
40793769
40717161
40768225
40615129
31080625
40780996
40819321
40832100
40844881
40857664
40870449
40883236
40908816
30924721
40947201
40960000
40921609
40934404
41011216
30969225
40972801
40985604
41049649
41024025
41036836
41062464
31013761
41075281
41088100
41113744
41126569
41139396
31058329
41165056
57456400
41177889
41190724
41216400
31158724
31192225
41229241
31248100
41254929
41267776
31292836
41306329
41242084
41280625
41293476
41344900
41319184
41357761
41370624
57592921
57486724
41383489
41396356
41409225
41434969
41447844
57638464
41473600
41525136
41486481
41499364
41538025
26030404
41563809
41550916
41602500
31494544
57896881
31573161
41576704
41615401
41628304
41667025
41654116
26061025
41692849
41705764
41744521
31618129
58003456
31629376
41770369
58140625
31460881
41757444
41822089
41835024
41796225
41809156
41873841
41886784
41925625
31606884
41847961
58339044
41860900
41951529
41912676
41977441
41990400
42003361
42029289
42042256
42055225
42068196
31741956
42120100
31719424
58461316
42159049
42094144
42133081
42146064
42185025
42198016
42250000
42289009
42172036
42341049
42211009
42224004
42263001
42276004
42393121
42328036
42315025
58721569
58752225
42445225
31877316
42432196
42419169
42471289
42458256
31854736
42497361
42510400
42523441
42536484
42562576
42575625
42614784
42588676
32035600
42601729
42640900
42680089
42693156
58890276
42745444
42719296
42732369
42771600
42758521
42784681
42797764
32092225
42823936
42837025
42876304
42889401
42928704
42941809
42915601
32228329
42968025
42981136
42994249
32262400
43020481
43046721
43059844
43072969
43086096
32364721
43099225
43138624
43112356
59166864
32376100
43178041
32353344
43217476
43204329
43256929
43296400
43349056
32398864
32410249
43401744
43414921
43230625
43270084
43283241
32444416
43335889
43375396
43428100
43441281
43454464
43467649
32501401
43494025
43507216
32524209
43533604
59459521
43573201
43612816
32569849
43665664
32581264
43586404
43678881
43599609
43652449
23775376
43692100
59521225
26563716
43718544
59552089
43744996
43758225
32672656
43771456
43784689
32695524
43797924
43811161
43824400
43837641
43850884
26749584
43864129
43877376
43890625
43930384
43903876
43917129
43956900
32878756
32890225
43943641
43983424
44009956
44023225
32982049
44036496
44089600
44063044
44076321
33016516
44116164
44129449
44182609
44169316
44222500
44235801
44275716
44156025
44142736
44209201
44195904
44249104
44289025
44315649
44328964
44302336
44342281
33108516
44355600
44368921
44382244
44395569
44408896
44422225
33189121
44435556
44448889
44462224
44475561
44488900
44515584
44542276
44528929
33408400
44555625
44568976
59907600
44609041
44582329
44622400
44635761
44649124
44662489
44675856
33466225
44702596
33512521
44729344
44742721
44769481
44782864
44796249
44809636
44836416
44823025
44863204
44849809
44876601
33640000
44903401
44916804
44930209
44943616
44957025
45010681
33779344
44970436
45024100
60357361
45037521
45050944
45077796
45064369
60419529
45091225
45131524
45118089
33918976
45144961
45185284
45171841
45198729
45212176
45239076
45252529
45279441
60543961
45306361
45292900
45319824
45346756
60621796
45373696
60668521
45360225
45400644
60715264
45427600
34152336
60777616
60855601
60918025
45495025
45508516
61418569
45522009
61591104
45589504
45562500
45576001
61732449
34363044
45616516
45630025
45643536
61811044
45657049
45670564
61842496
34515625
45711121
45724644
45738169
34621456
45751696
34703881
62015625
45792289
45805824
45832900
45859984
45873529
45846441
45887076
45900625
45927729
62315236
45941284
45954841
45968400
62489025
46036225
46076944
46090521
46131264
45995524
46009089
46144849
46063369
46117681
46049796
46104100
46172025
46158436
62821476
46199209
34739236
62916624
46226401
46253601
46267204
63154809
63457156
46335249
46308025
34975396
46348864
46362481
46403344
35105625
46416969
46376100
46389721
46444225
63664441
35153041
63696361
46457856
46471489
46526041
63760225
63824121
46498761
46580625
46539684
46553329
35212356
35200489
46635241
46621584
46607929
46648900
46676224
46662561
46689889
46703556
35307364
46730896
63936016
46717225
46758244
35343025
63968004
46812964
46826649
35414401
46840336
46867716
46881409
46854025
46895104
46908801
46922500
46936201
46949904
46963609
46977316
35473936
46991025
47004736
47032164
47045881
47018449
28047616
47128225
35569296
47100769
47141956
47155689
47196900
47169424
35617024
47183161
47210641
47224384
47238129
47251876
47265625
47306884
47320641
47293129
47334400
47348161
47389456
47403225
35688676
47361924
47375689
47416996
47430769
47472100
47444544
47485881
47458321
47499664
47513449
47554816
47527236
47541025
47596201
47582404
47637604
47651409
47568609
47610000
35748441
47679025
47665216
47692836
47706649
47748100
47761921
47720464
47734281
47803396
47775744
47789569
47817225
47831056
47844889
47858724
47872561
47914084
88121125
47983329
48024900
35868121
48038761
47886400
47900241
28291761
94818816
47997184
48011041
48066489
83453453
48094225
48108096
35904064
48121969
48135844
48149721
48177481
35928036
48191364
48205249
48219136
78402752
36036009
36060025
48274704
48288601
48302500
48316401
48344209
48358116
36312676
36204289
48385936
36084049
48413764
48427681
48441600
48455521
48497296
48469444
48483369
48525156
48539089
48580900
48636676
48511225
48553024
48566961
48608784
48650625
48622729
48664576
48678529
48692484
36336784
48706441
36385024
36421225
48748324
48762289
48776256
48790225
48804196
48818169
48832144
48860100
48874081
48888064
28772496
48930025
48944016
48958009
48972004
48986001
36723600
49014001
49056016
36772096
49042009
49028004
49070025
49084036
49098049
28922884
49126081
49112064
49140100
66430125
49182169
36893476
65450827
49210225
49224256
49252324
52313624
49266361
49280400
49294441
49308484
49336576
48627125
49364676
49350625
47045881
49378729
49434961
49392784
49406841
49449024
49463089
49491225
49505296
37063744
49519369
37075921
49547521
29160000
49575681
37161216
37136836
49603849
49617936
49632025
37234404
49646116
49674304
49688401
49702500
49716601
37332100
49730704
49744809
37405456
37503376
49773025
49758916
49787136
49815364
37429924
49857721
49843600
49900096
49885969
37576900
49914225
49928356
49942489
37675044
49956624
37748736
49984900
49999041
50041476
50055625
49970761
50027329
50013184
50069776
50083929
37711881
49871844
50126400
50140561
50183056
50154724
50168889
50197225
50211396
50225569
29376400
46268279
50268100
50282281
50296464
50310649
50324836
50339025
50367409
43986977
44738875
50410000
50424201
50452609
50466816
50481025
50495236
50509449
50523664
38365636
38353249
50537881
50566321
50580544
50594769
30030400
50623225
38415204
50637456
38464804
50665924
38477209
50694400
50708641
50765625
38539264
50808384
50822641
50722884
50737129
50779876
50794129
50836900
50851161
50865424
50879689
50893956
50908225
50922496
50951044
50965321
38837824
50979600
38875225
38613796
38700841
38713284
51051025
38800441
38900169
38862756
51108201
51136801
51179716
51093904
51165409
51151104
51194025
51208336
51222649
38962564
51251281
51265600
51279921
29778849
51294244
51308569
51337225
51351556
51365889
51394561
51451929
51437584
39100009
51423241
39112516
51466276
51494976
51480625
51509329
51523684
51538041
39137536
51552400
51566761
39187600
51595489
51609856
39162564
51638596
51652969
51624225
51667344
51696100
51710481
51753636
51768025
51811204
51825601
51883209
39250225
39262756
51681721
51724864
51739249
51782416
51840000
51796809
51897616
51854401
51912025
51955264
51969681
51926436
51940849
51984100
51998521
52041796
52056225
52012944
52027369
52085089
52128400
52142841
52200625
52243984
52258441
52301824
52316289
52359696
52374169
52417600
52432081
52475536
52490025
52533504
52548001
52591504
52606009
52664049
52707600
52722121
52765696
52780225
52823824
52099524
52113961
52157284
52881984
52896529
52171729
52215076
52229529
52272900
52940176
52954729
52998400
53012961
53056656
53071225
53129521
53114944
53173264
53187849
53231616
53246209
53290000
53304601
53348416
53363025
52330756
52388644
52403121
52446564
52461049
52519009
52562500
52577001
52620516
52635025
52678564
52693081
52736644
52751169
52794756
52809289
52852900
52867441
52911076
52925625
52969284
52983841
53027524
53042089
53085796
53100369
53144100
53202436
53217025
53260804
53275401
53319204
53333809
53377636
53392249
53436100
36926037
53494596
53553124
53567761
53611684
53670276
53684929
53406864
53421481
53465344
53479969
53523856
53728900
53597041
53758224
53875600
53831569
53890281
53934336
53787556
53993104
53846244
54125449
54169600
54228496
54287424
39601849
54361129
53860921
54479161
54523456
39652209
54582544
53904964
54597321
54656449
54774801
53919649
54819216
39438400
53963716
54834025
54037201
54878464
54893281
54213769
54316900
55011889
54375876
61465600
53582400
53538489
63043600
62663056
39304000
53978409
63202500
54022500
62773929
63059481
54449641
62536464
60559524
42237001
37933056
45819361
40353607
62267881
62094400
61889689
42144192
52504516
61638201
49322529
61074225
60078001
59969536
59830225
59598400
43151761
59028489
59151481
58982400
42367081
54007801
58323769
41964484
57093136
57881664
57577744
56205009
54110736
53699584
53640976
54051904
53655625
55517401
50243409
63044792
66923416
40001688
61121124
62441604
87528384
62047129
58767556
55756089
61559716
54493924
51478848
46212804
62884900
62869041
62758084
62805625
62631396
62742241
62694724
62552281
62425801
62504836
62362609
62378404
62299449
62252100
62236321
62188996
62110161
62173225
62125924
61999876
61984129
45778756
61936900
61921161
61873956
61858225
61795321
61748164
61685316
61622500
61606801
61496964
34234201
61544025
61434244
61371556
61308900
61293241
61246276
61168041
61183684
61058596
61042969
60980481
60808804
60871204
60793209
60746436
60730849
34058896
60684100
60497284
60481729
60435076
60372900
60295225
60310756
60248644
60186564
60109009
60171049
60124516
60062500
59923081
59938564
44595684
59876644
59861169
59799289
59752900
59737441
59675625
59505796
59613841
59567524
43705321
59490369
59367025
43546801
59444100
59243809
59197636
59182249
59120721
59074596
59136100
47437928
43007364
42902500
58997761
59013124
58936329
58951684
42706225
58874929
58844241
58782889
42549529
58644964
58660281
58599025
58583716
61701025
42354064
59336209
42302016
58476609
60699681
45535504
35287552
34965783
98611128
36264691
58415449
62520649
60093504
63920025
40729924
58798224
60016009
35937000
58400164
58354321
58293225
101847563
56295009
56580484
55920484
64000000
114791256
96702579
55935441
55771024
63872064
63409369
58277956
56836521
58232161
56942116
57062916
58216900
103161709
57078025
108531333
52734375
58171129
40132225
106496424
61449921
58736896
100544625
101194696
58155876
46240000
54967396
59892121
105823817
57289761
54789604
58110129
63425296
63218401
42016324
58384881
58568409
58094884
59228416
58049161
43731769
78953589
58033924
37595375
54671236
62410000
51064811
38272753
67917312
75686967
57866449
60575089
94196375
55890576
57108249
46785600
41783296
41718681
57744801
49660209
45603009
57729604
58614336
35283600
57501889
42508549
58629649
58537801
63313849
55742968
59320804
50381604
62283664
57017601
57547396
56957209
57608100
56280004
57244356
55741156
58905625
57002500
56325025
56535361
59274601
56415121
62599744
56115081
55815841
55306341
55800900
73034632
63600625
57047809
45499293
60140025
55086084
60155536
54982225
55532304
61826769
59985025
55204900
55219761
57988225
50253921
62346816
54863649
46656000
61905424
54567769
61763881
61669609
37259704
61481281
85766121
61653904
41731600
61528336
70957944
39627025
61402896
57562569
61387225
57426084
61340224
56265001
58706244
61324561
70444997
54390625
69426531
110592000
61277584
57714409
72511713
68417929
61214976
61152400
61089856
60824401
60590656
60528400
60450625
53450721
63521199
60279696
38958219
40707584
61162984
59845696
52287361
60217600
59536656
62570773
59105344
59319000
49430863
58967041
41899729
56460196
61629875
55860676
62099136
56700900
55442916
63952009
60403984
56685841
63712324
57942544
57066625
57699216
116214272
58411072
113379904
56520324
73560059
119095488
51895117
62141689
80621568
124251499
62331025
57274624
46022656
57214096
59043856
56625625
62583921
56610576
97336000
99252847
63616576
63984001
56550400
63744256
56505289
55428025
102503232
71991296
59213025
56490256
63361600
56385081
40627876
86938307
62964225
104487111
86350888
109902239
59089969
49027896
56130064
53582633
56070144
122023936
57032704
121287375
55785961
63904036
61575409
55726225
46430596
77308776
63648484
63632529
55353600
42875000
62932489
55368481
63441225
99897344
89915392
49154121
55696369
62473216
55279225
63393444
55308969
52649536
55249489
63266116
41063625
35940025
55175184
54010152
60000516
63186601
63138916
63123025
48233025
43243551
40018276
31102929
80062991
56746089
56927025
55115776
63075364
55130625
63011844
55294096
65939264
69934528
48846121
62995969
59776471
55547209
59660176
54848836
30481441
53157376
39904489
56055169
54745201
55830784
54199044
40157569
62948356
62678889
56085121
55056400
55606849
51022449
54952569
49836032
57153600
51065316
40564161
56972304
45118016
54937744
53626329
57957769
54272689
54140164
54096025
54081316
54700816
54641664
54420129
54405376
54346384
54302161
54184321
53743561
53816896
53772889
45333289
45265984
57532225
56911936
49420900
57350329
56866681
56806369
40220964
55845729
57395776
53158681
40360609
56987401
55666521
55711296
60933636
52186176
54439939
54997056
56623104
58446025
54872000
64481201
64000000
46185616
62900761
57410929
62157456
62220544
60652944
48594841
58920976
71473375
57168721
55041561
74088000
53949025
34210801
82312875
77854483
38614472
48080356
125000000
60233121
48228544
45981961
84604519
41421736
52838361
63776196
51380224
123505992
57229225
60902416
30791401
85184000
89314623
50653000
62568100
62615569
60840000
44361864
109215352
62062884
91733851
61512649
61355889
56851600
55413136
56250000
59582961
57820816
47927929
59644729
58186384
61230625
63107136
82881856
56181887
47832147
107171875
45914176
105154048
26183689
61105489
57960603
49238289
57471561
56896849
50353216
49801249
46566976
55264356
63888049
61136761
61027344
63504961
63584676
60512841
63520900
63329764
55995289
59382436
60326289
58507201
64964808
59721984
59691076
56340036
57653649
68921000
57775201
59059225
58491904
55323844
59706529
56565441
56791296
43388569
48330304
75151448
52345225
58522500
41332041
56715961
57441241
55591936
45882712
57183844
57668836
50651689
63840100
57912100
57972996
59351616
45454564
57512456
54686025
52070656
60606225
58863869
60996100
44983849
60047001
44715969
88716536
63856081
55398249
56670784
55383364
55636681
90518849
40691641
62647225
40335201
61716736
55487601
55562116
55234624
119823157
55875625
56175025
56160036
56220004
56595529
56655729
56400100
60698457
57138481
56881764
57365476
41512249
57760000
31539456
62710561
58828900
59428681
55472704
63250209
50112241
46280809
63568729
62726400
118370771
115501303
39651821
74618461
58430736
112678587
97972181
42107121
60949249
43614208
57123364
58262689
55651600
59305401
59259204
58675600
96071912
61968384
49168144
63377521
60466176
60388441
57927321
54154881
76225024
61199329
61952641
60341824
60202081
45441081
67419143
60264169
60236288
41781923
59954049
60031504
53509225
44890000
59768361
43996689
59783824
36699364
79507000
43309561
62457409
54922921
93576664
58813561
58859584
59290000
59814756
45684081
49477156
53802225
54508689
54612100
54552996
58553104
63297936
54626881
63808144
30558784
59397849
47059600
63792169
54730404
116930169
54908100
54804409
54331641
103823000
55950400
57805609
76765625
45387169
55026724
81746504
59629284
40094224
57851236
47955625
84027672
58690921
55145476
48052624
55905529
63027721
55100929
57623281
57790404
92959677
91125000
58064400
41460721
57684025
58308496
62837329
55160329
58369600
41422096
55457809
40195600
95443993
57304900
62394201
57380625
31561924
57320041
63345681
57198969
57836025
62980096
58125376
46321636
55502500
57259489
58247424
111284641
55577025
63234304
63473089
55681444
55621764
63536841
92345408
57335184
62853184
63282025
63680400
40896025
114084125
58079641
122763473
55980324
58201641
107850176
40742689
56776225
56731024
63489024
56821444
63728289
53714241
56475225
56761156
57517056
46799281
46294416
63170704
56640676
56040196
58018689
56235001
117649000
56100100
111980168
56355049
120553784
54434884
35611289
81182737
42627841
62204769
59413264
46512400
59474944
55965361
63552784
63091249
62031376
62789776
61779600
62078641
61261929
54066609
36594368
61011721
60964864
45481536
60886809
60762025
60637369
42380100
34645976
34012224
34328125
33386248
28094464
33076161
32157432
31855013
32768000
33698267
31554496
30959144
30371328
28934443
30664297
18191447
27000000
26730899
29791000
25672375
25934336
29503629
24897088
24642171
28372625
23887872
23639903
27270901
26198073
25153757
29218112
24137569
23393656
23149125
21952000
22425768
22188041
21024576
21484952
21253933
20796875
20570824
20346417
20123648
19683000
19465109
19902511
18821096
18609625
27818127
17779581
17173512
19248832
16974593
16387064
16194277
18399744
15438249
17576000
14706125
14172488
17373979
13997521
13481272
16777216
13312053
12812904
16581375
12649337
12167000
12008989
15813251
11390625
28652616
10941048
25412184
14526784
14348907
13824000
13651919
13144256
12977875
12487168
11852352
11697083
11239424
15252992
22665187
22906304
11543176
16003008
14886936
15625000
19034163
17984728
21717639
24389000
30080231
32461759
31255875
26463592
27543608
11089567
12326391
10648000
15069223
10793861
10503459
10360232
10218313
10077696
9663597
9528128
9800344
9129329
8869743
9393931
9261000
7762392
9938375
8615125
8489664
8365427
8242408
8120601
8000000
7645373
7880599
8998912
7529536
5177717
7414875
7301384
6967871
6859000
4173281
7189057
7077888
6751269
6644672
3723875
6539203
6434856
6331625
6128487
6229504
6028568
5929741
5832000
5639752
2863288
5545233
2685619
5359375
5268024
8741816
5088448
1860867
5000211
4913000
1404928
4657463
4574296
4826809
4741632
4330747
4251528
4096000
4019679
3944312
3869893
658503
614125
3581577
493039
3442951
3652264
3307949
3241792
314432
2985984
250047
3112136
195112
5735339
5451776
2803221
2744000
2571353
2460375
2406104
50653
2248091
2352637
2299968
2197000
2048383
21952
1815848
1685159
1520875
1481544
2146689
2097152
1906624
1771561
1728000
1560896
1442897
1295029
1259712
1225043
1191016
1124864
1092727
1061208
1030301
970299
941192
857375
4492125
4410944
1000000
912673
804357
778688
753571
729000
704969
3796416
636056
592704
571787
551368
474552
3511808
3375000
421875
512000
389017
373248
405224
357911
328509
343000
3048625
274625
262144
300763
226981
238328
205379
185193
2924207
148877
140608
117649
132651
103823
125000
91125
85184
2628072
97336
68921
74088
64000
54872
2515456
46656
39304
35937
32768
29791
24389
27000
2000376
19683
17576
15625
13824
1643032
12167
10648
9261
8000
6859
5832
1601613
4913
4096
3375
2744
2197
1728
1331
1157625
1000
729
512
125
343
216
64
27
830584
884736
1
681472
531441
456533
438976
3176523
287496
166375
175616
157464
110592
79507
59319
42875
1331000
1953125
8
216000
1367631
